index	match	insertion	deletion	scar
0	1.0	0.0	0.0	0.0
1	1.0	0.0	0.0	0.0
2	1.0	0.0	0.0	0.0
3	1.0	0.0	0.0	0.0
4	1.0	0.0	0.0	0.0
5	1.0	0.0	0.0	0.0
6	1.0	0.0	0.0	0.0
7	1.0	0.0	0.0	0.0
8	1.0	0.0	0.0	0.0
9	1.0	0.0	0.0	0.0
10	1.0	0.0	0.0	0.0
11	1.0	0.0	0.0	0.0
12	1.0	0.0	0.0	0.0
13	1.0	0.0	0.0	0.0
14	1.0	0.0	0.0	0.0
15	1.0	0.0	0.0	0.0
16	1.0	0.0	0.0	0.0
17	1.0	0.0	0.0	0.0
18	0.9842993251290194	0.0	0.01570067487098055	0.0
19	0.9842993251290194	0.0	0.01570067487098055	0.0
20	0.9842993251290194	0.0	0.01570067487098055	0.0
21	0.9841802302500993	0.0	0.015819769749900753	0.0
22	0.9841405319571258	0.0	0.015859468042874157	0.0
23	0.9840809845176658	0.0	0.01591901548233426	0.0
24	0.9840809845176658	0.0	0.01591901548233426	0.0
25	0.9840809845176658	0.0	0.01591901548233426	0.0
26	0.9816990869392617	0.0	0.01830091306073839	0.0
27	0.9816990869392617	0.0	0.01830091306073839	1.1909487892020643E-4
28	0.9816792377927749	0.0	0.01832076220722509	1.389440254069075E-4
29	0.9785629217943629	0.0	0.02143707820563716	1.5879317189360857E-4
30	0.9785629217943629	0.0	0.02143707820563716	1.984914648670107E-4
31	0.9785430726478761	0.0	0.02145692735212386	1.389440254069075E-4
32	0.974037316395395	0.0	0.025962683604605002	1.389440254069075E-4
33	0.9538308852719333	0.0	0.046169114728066694	1.389440254069075E-4
34	0.8965859468042874	1.5879317189360857E-4	0.10325526002381898	1.7864231838030965E-4
35	0.816137356093688	1.5879317189360857E-4	0.18370385073441842	2.9773719730051605E-4
36	0.7002183406113537	0.005657006748709805	0.2941246526399365	2.77888050813815E-4
37	0.5927550615323541	0.025486304088924175	0.3817586343787217	2.9773719730051605E-4
38	0.5868003175863438	0.040472409686383486	0.37272727272727274	0.0026399364827312424
39	0.6454743946010322	0.02504962286621675	0.32947598253275107	0.002540690750297737
40	0.6571258435887257	0.03314807463279079	0.30972608177848354	0.002520841603811036
41	0.6525009924573244	0.033048828900357284	0.3144501786423184	0.002560539896784438
42	0.6791186978959904	0.027173481540293767	0.29370782056371575	3.1758634378721714E-4
43	0.7014092894005558	0.0222707423580786	0.2763199682413656	9.924573243350536E-5
44	0.7064509726081778	0.017447399761810242	0.2761016276300119	5.954743946010321E-5
45	0.7069075029773719	0.017169511710996427	0.2759229853116316	0.0
46	0.7394799523620484	0.011988884477967447	0.2485311631599841	0.0
47	0.7395196506550219	0.011949186184994045	0.2485311631599841	0.0
48	0.7395593489479952	0.011929337038507345	0.2485113140134974	0.0
49	0.7420206431123462	0.011413259229853116	0.24656609765780071	0.0
50	0.7529972211194919	0.010976578007145693	0.23602620087336246	0.0
51	0.7339420404922588	0.010976578007145693	0.25508138150059545	0.0
52	0.7339420404922588	0.010976578007145693	0.25508138150059545	0.0
53	0.7400555776101627	0.010976578007145693	0.24896784438269154	0.0
54	0.7422588328701866	0.010956728860658991	0.24678443826915442	9.726081778483525E-4
55	0.7504763795156808	0.0026994839221913458	0.24682413656212782	0.0011512504962286623
56	0.7472211194918619	0.002679634775704645	0.25009924573243353	0.0013100436681222707
57	0.7375744342993251	0.0026399364827312424	0.2597856292179436	0.001409289400555776
58	0.7429138547042478	0.0026200873362445414	0.2544660579595077	0.0012901945216355697
59	0.7344382691544263	0.0026200873362445414	0.2629416435093291	6.153235410877332E-4
60	0.7201071853910281	0.002024612941643509	0.2778682016673283	9.726081778483525E-4
61	0.7138547042477174	0.0021040095275903135	0.2840412862246923	0.00111155220325526
62	0.682473203652243	0.002143707820563716	0.3153830885271933	0.0012703453751488685
63	0.6748114331083763	0.004029376736800317	0.32115919015482336	0.001131401349741961
64	0.6617903930131004	0.0054585152838427945	0.3327510917030568	0.00111155220325526
65	0.6471218737594284	0.016931321953156015	0.33594680428741563	4.366812227074236E-4
66	0.659825327510917	0.01738785232235014	0.3227868201667328	2.183406113537118E-4
67	0.6765184597062326	0.02608177848352521	0.29739976181024214	2.5803890432711394E-4
68	0.6862048431917427	0.01689162366018261	0.2969035331480746	3.1758634378721714E-4
69	0.6956331877729258	0.016772528781262407	0.28759428344581184	3.1758634378721714E-4
70	0.7099245732433506	0.010500198491464868	0.2795752282651846	2.77888050813815E-4
71	0.7146486701071855	0.008435887256847956	0.2769154426359667	1.984914648670107E-4
72	0.7252679634775705	0.008435887256847956	0.2662961492655816	3.969829297340214E-5
73	0.7292973402143708	0.008435887256847956	0.2622667725287813	5.954743946010321E-5
74	0.7293171893608574	0.008435887256847956	0.26224692338229455	5.954743946010321E-5
75	0.7295553791186979	0.008416038110361254	0.2620285827709409	3.969829297340214E-5
76	0.7308058753473601	0.008416038110361254	0.2607780865422787	3.969829297340214E-5
77	0.7342397776895593	0.005140928940055578	0.2606192933703851	0.0
78	0.7611353711790393	0.005140928940055578	0.23372369988090513	0.0
79	0.7631599841206829	0.005140928940055578	0.2316990869392616	0.0
80	0.7631599841206829	0.005140928940055578	0.2316990869392616	0.0
81	0.7631401349741961	0.005121079793568876	0.231738785232235	2.5803890432711394E-4
82	0.7632195315601429	0.005041683207622072	0.231738785232235	2.9773719730051605E-4
83	0.7651845970623263	0.005041683207622072	0.22977371973005162	3.771337832473204E-4
84	0.7651845970623263	0.005021834061135371	0.22979356887653832	8.138150059547439E-4
85	0.7602024612941644	0.005021834061135371	0.23477570464470027	0.001091703056768559
86	0.7601826121476777	0.005041683207622072	0.23477570464470027	0.0012901945216355697
87	0.7588130210400953	0.005041683207622072	0.23614529575228266	0.001409289400555776
88	0.7568082572449385	0.005081381500595474	0.23811036125446605	0.0012107979356887654
89	0.7550615323541088	0.005140928940055578	0.23979753870583564	9.726081778483525E-4
90	0.7414251687177451	0.005061532354108773	0.2535132989281461	8.33664152441445E-4
91	0.7394204049225883	0.007244938467645891	0.2533346566097658	9.924573243350536E-4
92	0.7394204049225883	0.0074831282254863045	0.2530964668519254	8.33664152441445E-4
93	0.7672092100039698	0.007364033346566098	0.22542675664946407	8.932115919015483E-4
94	0.7730051607780866	0.007860262008733625	0.21913457721317983	0.001071853910281858
95	0.773640333465661	0.007324335053592696	0.21903533148074633	7.542675664946408E-4
96	0.7785827709408495	0.00240174672489083	0.21901548233425963	6.947201270345375E-4
97	0.7787415641127431	0.0023620484319174274	0.21889638745533943	5.160778086542279E-4
98	0.77882096069869	0.0023025009924573245	0.21887653830885273	1.5879317189360857E-4
99	0.7849543469630806	0.002282651845970623	0.2127630011909488	0.0
100	0.7901349741961096	1.1909487892020643E-4	0.20974593092497024	0.0
101	0.7901548233425962	1.1909487892020643E-4	0.20972608177848354	0.0
102	0.7902739182215165	1.1909487892020643E-4	0.2096069868995633	0.0
103	0.7952362048431918	1.1909487892020643E-4	0.20464470027788806	0.0
104	0.7953354505756253	1.1909487892020643E-4	0.20454545454545456	0.0
105	0.7947796744739977	1.1909487892020643E-4	0.2051012306470822	0.0
106	0.7947796744739977	1.1909487892020643E-4	0.2051012306470822	0.0
107	0.7936482731242557	1.1909487892020643E-4	0.20623263199682412	0.0
108	0.790174672489083	1.1909487892020643E-4	0.20970623263199684	5.160778086542279E-4
109	0.790174672489083	1.1909487892020643E-4	0.20970623263199684	7.344184200079397E-4
110	0.791167129813418	1.1909487892020643E-4	0.20871377530766178	0.0011710996427153632
111	0.7864628820960698	1.1909487892020643E-4	0.21341802302500992	0.001409289400555776
112	0.7785430726478761	1.1909487892020643E-4	0.22133783247320366	0.001409289400555776
113	0.7760420801905519	1.1909487892020643E-4	0.22383882493052798	0.0014291385470424772
114	0.7760222310440651	1.1909487892020643E-4	0.22385867407701468	0.0011710996427153632
115	0.7614529575228265	1.5879317189360857E-4	0.23838824930527988	9.726081778483525E-4
116	0.7610758237395792	6.351726875744343E-4	0.23828900357284638	7.145692735212386E-4
117	0.7610956728860658	6.550218340611354E-4	0.23824930527987295	7.344184200079397E-4
118	0.7693330686780468	0.020821754664549424	0.20984517665740374	7.145692735212386E-4
119	0.7457125843588726	0.0332870186581977	0.22100039698292973	7.344184200079397E-4
120	0.791504565303692	0.018797141722905916	0.18969829297340216	5.35926955140929E-4
121	0.8416832076220723	0.018400158793171893	0.13991663358475587	5.756252481143311E-4
122	0.8690750297737198	0.006589916633584756	0.12433505359269552	5.756252481143311E-4
123	0.9100833664152441	0.006589916633584756	0.0833267169511711	4.565303691941247E-4
124	0.9283247320365224	0.006589916633584756	0.06508535132989282	4.168320762207225E-4
125	0.9283445811830091	0.006589916633584756	0.06506550218340611	2.5803890432711394E-4
126	0.9337236998809051	0.006589916633584756	0.05968638348551012	1.984914648670107E-5
127	0.9337236998809051	0.006589916633584756	0.05968638348551012	0.0
128	0.9338030964668519	0.006589916633584756	0.05960698689956332	0.0
129	0.9337832473203652	0.006589916633584756	0.05962683604605002	0.0
130	0.930547836443033	0.006589916633584756	0.0628622469233823	0.0
131	0.9359865025803891	0.006589916633584756	0.057423580786026204	0.0
132	0.9370583564906709	0.006589916633584756	0.05635172687574434	0.0
133	0.939638745533942	2.5803890432711394E-4	0.060103215561730844	0.0
134	0.9396188963874553	2.5803890432711394E-4	0.060123064708217544	0.0
135	0.9395394998015085	2.5803890432711394E-4	0.06020246129416435	2.77888050813815E-4
136	0.9372965462485113	2.5803890432711394E-4	0.062445414847161575	4.763795156808257E-4
137	0.9350932909884875	2.5803890432711394E-4	0.06464867010718539	7.542675664946408E-4
138	0.9296546248511314	2.183406113537118E-4	0.07012703453751488	9.726081778483525E-4
139	0.9242953552997221	2.183406113537118E-4	0.07548630408892418	9.527590313616514E-4
140	0.9248709805478365	1.7864231838030965E-4	0.07495037713378325	7.542675664946408E-4
141	0.9049027391822152	1.7864231838030965E-4	0.09491861849940453	7.145692735212386E-4
142	0.8989876935291783	1.1909487892020643E-4	0.10089321159190155	5.35926955140929E-4
143	0.8864628820960698	9.924573243350536E-5	0.11343787217149663	6.351726875744343E-4
144	0.8273918221516474	1.389440254069075E-4	0.1724692338229456	8.33664152441445E-4
145	0.7932512901945217	0.02143707820563716	0.1853116315998412	9.924573243350536E-4
146	0.8675069472012703	0.0064509726081778485	0.1260420801905518	0.0020841603811036125
147	0.8971218737594283	0.00222310440651052	0.10065502183406114	0.002163556967050417
148	0.9033148074632791	1.5879317189360857E-4	0.0965263993648273	0.0020643112346169115
149	0.9040293767368003	9.924573243350536E-5	0.09587137753076617	0.0020643112346169115
150	0.9075228265184597	1.5879317189360857E-4	0.09231838030964669	8.138150059547439E-4
151	0.9133783247320365	9.924573243350536E-5	0.08652242953552997	6.947201270345375E-4
152	0.9139142516871774	9.924573243350536E-5	0.08598650258038905	3.572846367606193E-4
153	0.9139539499801509	9.924573243350536E-5	0.08594680428741563	1.984914648670107E-5
154	0.9180230250099246	9.924573243350536E-5	0.08187772925764192	1.984914648670107E-5
155	0.9180230250099246	9.924573243350536E-5	0.08187772925764192	0.0
156	0.9180230250099246	9.924573243350536E-5	0.08187772925764192	0.0
157	0.9180825724493846	9.924573243350536E-5	0.08181818181818182	0.0
158	0.9179634775704645	9.924573243350536E-5	0.08193727669710202	0.0
159	0.9174473997618102	9.924573243350536E-5	0.08245335450575625	0.0
160	0.9174275506153236	9.924573243350536E-5	0.08247320365224295	0.0
161	0.9173481540293767	5.954743946010321E-5	0.08259229853116316	0.0
162	0.916534339023422	5.954743946010321E-5	0.08340611353711791	1.5879317189360857E-4
163	0.916534339023422	5.954743946010321E-5	0.08340611353711791	4.565303691941247E-4
164	0.9160579595077412	5.954743946010321E-5	0.08388249305279873	7.542675664946408E-4
165	0.9160579595077412	5.954743946010321E-5	0.08388249305279873	7.939658594680428E-4
166	0.9160579595077412	5.954743946010321E-5	0.08388249305279873	9.726081778483525E-4
167	0.8926161175069472	5.954743946010321E-5	0.10732433505359269	8.932115919015483E-4
168	0.8908693926161175	5.954743946010321E-5	0.10907105994442239	7.741167129813418E-4
169	0.8717546645494244	5.954743946010321E-5	0.12818578801111552	0.0017070265978562922
170	0.7658594680428742	0.0026399364827312424	0.2315005954743946	0.0015283842794759825
171	0.770921000396983	1.984914648670107E-4	0.22888050813815006	0.001389440254069075
172	0.7231639539499801	2.183406113537118E-4	0.27661770543866615	0.001409289400555776
173	0.7657006748709805	0.00480349344978166	0.2294958316792378	4.763795156808257E-4
174	0.7704446208813021	0.0013497419610956729	0.22820563715760223	3.771337832473204E-4
175	0.7724295355299722	0.005299722111949186	0.22227074235807862	5.5577610162763E-4
176	0.7812028582770941	0.005260023818975784	0.21353711790393012	6.351726875744343E-4
177	0.7835649067090116	0.005260023818975784	0.2111750694720127	5.954743946010321E-4
178	0.7837633981738785	0.005260023818975784	0.2109765780071457	5.160778086542279E-4
179	0.7838229456133387	0.005260023818975784	0.2109170305676856	3.1758634378721714E-4
180	0.7846367606192934	0.005260023818975784	0.21010321556173084	3.969829297340214E-5
181	0.8041484716157206	0.001329892814608972	0.1945216355696705	3.969829297340214E-5
182	0.8041683207622072	0.001329892814608972	0.1945017864231838	3.969829297340214E-5
183	0.805438666137356	5.954743946010321E-5	0.1945017864231838	0.0
184	0.805180627233029	5.954743946010321E-5	0.1947598253275109	0.0
185	0.8051607780865423	5.954743946010321E-5	0.1947796744739976	0.0
186	0.8010917030567686	5.954743946010321E-5	0.19884874950377135	0.0
187	0.8002183406113537	5.954743946010321E-5	0.19972211194918618	0.0
188	0.8002580389043271	5.954743946010321E-5	0.19968241365621278	0.0
189	0.8002977371973006	5.954743946010321E-5	0.19964271536323938	2.77888050813815E-4
190	0.8002977371973006	5.954743946010321E-5	0.19964271536323938	4.168320762207225E-4
191	0.8002977371973006	5.954743946010321E-5	0.19964271536323938	5.35926955140929E-4
192	0.8002977371973006	5.954743946010321E-5	0.19964271536323938	6.748709805478364E-4
193	0.8002977371973006	5.954743946010321E-5	0.19964271536323938	5.160778086542279E-4
194	0.8002381897578404	5.954743946010321E-5	0.19970226280269948	5.160778086542279E-4
195	0.7837832473203652	5.954743946010321E-5	0.21615720524017468	4.763795156808257E-4
196	0.787911869789599	7.939658594680428E-5	0.21200873362445416	6.153235410877332E-4
197	0.7802500992457324	7.939658594680428E-5	0.21967050416832076	7.741167129813418E-4
198	0.7792576419213973	3.969829297340214E-5	0.22070265978562922	9.130607383882494E-4
199	0.6685391028185788	0.018757443429932512	0.31270345375148867	0.0011710996427153632
200	0.7184795553791187	5.954743946010321E-5	0.2814608971814212	0.00111155220325526
201	0.7244739976181025	1.984914648670107E-5	0.2755061532354109	0.001131401349741961
202	0.7245732433505359	1.1909487892020643E-4	0.2753076617705439	0.0010321556173084557
203	0.7403930131004367	1.1909487892020643E-4	0.2594878920206431	7.542675664946408E-4
204	0.7403930131004367	1.1909487892020643E-4	0.2594878920206431	5.5577610162763E-4
205	0.7404724096863835	1.1909487892020643E-4	0.2594084954346963	2.77888050813815E-4
206	0.7405319571258435	1.1909487892020643E-4	0.2593489479952362	1.7864231838030965E-4
207	0.7407899960301707	1.1909487892020643E-4	0.2590909090909091	3.969829297340214E-5
208	0.7453354505756252	1.1909487892020643E-4	0.2545454545454545	1.984914648670107E-5
209	0.745355299722112	1.1909487892020643E-4	0.25452560539896785	1.984914648670107E-5
210	0.7493449781659389	1.1909487892020643E-4	0.25053592695514093	0.0
211	0.7493449781659389	1.1909487892020643E-4	0.25053592695514093	0.0
212	0.7494243747518856	0.0	0.25057562524811433	0.0
213	0.7494045256053989	0.0	0.25059547439460106	0.0
214	0.7494045256053989	0.0	0.25059547439460106	0.0
215	0.7494045256053989	0.0	0.25059547439460106	0.0
216	0.7493648273124256	0.0	0.25063517268757446	3.374354902739182E-4
217	0.7493648273124256	0.0	0.25063517268757446	4.763795156808257E-4
218	0.7489479952362048	0.0	0.25105200476379513	7.542675664946408E-4
219	0.7489876935291783	0.0	0.25101230647082173	8.33664152441445E-4
220	0.7490075426756649	0.0	0.25099245732433506	7.939658594680428E-4
221	0.7483326716951171	0.0	0.25166732830488286	9.329098848749503E-4
222	0.7477570464470028	0.0	0.2522429535529972	0.001091703056768559
223	0.7483326716951171	3.969829297340214E-5	0.25162763001190946	0.001091703056768559
224	0.7482532751091703	5.954743946010321E-5	0.2516871774513696	0.0032354108773322747
225	0.7483723699880905	5.954743946010321E-5	0.2515680825724494	0.0031957125843588728
226	0.7463676061929336	5.954743946010321E-5	0.2535728463676062	0.0028384279475982535
227	0.7413259229853116	0.004009527590313616	0.2546645494243748	0.00277888050813815
228	0.7347161572052402	0.007284636760619293	0.2579992060341405	7.145692735212386E-4
229	0.7138547042477174	0.008356490670901152	0.2777888050813815	6.153235410877332E-4
230	0.7148670107185391	0.007364033346566098	0.2777689559348948	7.344184200079397E-4
231	0.7148868598650258	0.007344184200079397	0.2777689559348948	6.351726875744343E-4
232	0.7310440651052005	0.007344184200079397	0.26161175069472015	4.565303691941247E-4
233	0.7370980547836443	0.0034140531957125844	0.2594878920206431	1.984914648670107E-4
234	0.740174672489083	0.002242953552997221	0.25758237395791983	3.969829297340214E-5
235	0.7403136165144899	0.002183406113537118	0.25750297737197303	1.984914648670107E-5
236	0.7387653830885272	0.002183406113537118	0.2590512107979357	0.0
237	0.7387653830885272	0.002183406113537118	0.2590512107979357	0.0
238	0.7387653830885272	0.002183406113537118	0.2590512107979357	0.0
239	0.7387653830885272	0.002183406113537118	0.2590512107979357	0.0
240	0.7387455339420406	0.002183406113537118	0.25907105994442237	0.0
241	0.740829694323144	5.954743946010321E-5	0.25911075823739577	0.0
242	0.7370385073441842	5.954743946010321E-5	0.2629019452163557	0.0
243	0.7370186581976975	5.954743946010321E-5	0.2629217943628424	3.969829297340214E-4
244	0.7361254466057959	5.954743946010321E-5	0.26381500595474394	6.748709805478364E-4
245	0.735391028185788	1.984914648670107E-5	0.2645891226677253	9.527590313616514E-4
246	0.7351329892814609	1.984914648670107E-5	0.2648471615720524	0.00111155220325526
247	0.7322945613338627	1.984914648670107E-5	0.26768558951965066	9.527590313616514E-4
248	0.7226677252878126	0.0	0.27733227471218735	8.138150059547439E-4
249	0.7223302897975388	0.0	0.2776697102024613	6.550218340611354E-4
250	0.7261214767764986	3.374354902739182E-4	0.2735410877332275	5.756252481143311E-4
251	0.8286224692338229	3.771337832473204E-4	0.17100039698292974	5.954743946010321E-4
252	0.8235410877332274	4.366812227074236E-4	0.17602223104406511	4.565303691941247E-4
253	0.8854505756252481	0.0032751091703056767	0.11127431520444621	3.1758634378721714E-4
254	0.8686780468439856	0.07213179833267169	0.0591901548233426	2.183406113537118E-4
255	0.9487495037713378	0.025327510917030567	0.0259229853116316	5.954743946010321E-5
256	0.9658594680428741	0.025327510917030567	0.008813021040095275	9.924573243350536E-5
257	0.9736006351726876	0.0241167129813418	0.002282651845970623	1.1909487892020643E-4
258	0.9750893211591901	0.0241167129813418	7.939658594680428E-4	9.924573243350536E-5
259	0.9754664549424374	0.0240968638348551	4.366812227074236E-4	7.939658594680428E-5
260	0.9782651845970624	0.02133783247320365	3.969829297340214E-4	5.954743946010321E-5
261	0.9783445811830092	0.021258435887256847	3.969829297340214E-4	0.0
262	0.9976974990075427	0.0019055180627233028	3.969829297340214E-4	0.0
263	0.9997419610956729	1.984914648670107E-5	2.3818975784041285E-4	0.0
264	0.9997618102421596	0.0	2.3818975784041285E-4	0.0
265	0.9997618102421596	0.0	2.3818975784041285E-4	0.0
266	0.9997816593886463	0.0	2.183406113537118E-4	0.0
267	0.9997816593886463	0.0	2.183406113537118E-4	0.0
268	0.9998015085351329	0.0	1.984914648670107E-4	0.0
269	0.9998213576816197	0.0	1.7864231838030965E-4	0.0
270	1.0	0.0	0.0	0.0
271	1.0	0.0	0.0	2.5803890432711394E-4
272	1.0	0.0	0.0	2.5803890432711394E-4
273	1.0	0.0	0.0	3.1758634378721714E-4
274	1.0	0.0	0.0	4.565303691941247E-4
275	1.0	0.0	0.0	3.1758634378721714E-4
276	1.0	0.0	0.0	3.771337832473204E-4
277	0.9999007542675665	1.984914648670107E-5	7.939658594680428E-5	4.763795156808257E-4
278	0.9997221119491861	1.984914648670107E-5	2.5803890432711394E-4	3.969829297340214E-4
279	0.9997419610956729	0.0	2.5803890432711394E-4	3.572846367606193E-4
280	0.9997419610956729	0.0	2.5803890432711394E-4	3.374354902739182E-4
281	0.9997221119491861	1.984914648670107E-5	2.5803890432711394E-4	2.183406113537118E-4
282	0.9997221119491861	1.984914648670107E-5	2.5803890432711394E-4	2.3818975784041285E-4
283	0.9997221119491861	1.984914648670107E-5	2.5803890432711394E-4	2.3818975784041285E-4
284	0.9997221119491861	1.984914648670107E-5	2.5803890432711394E-4	3.771337832473204E-4
285	0.9997221119491861	1.984914648670107E-5	2.5803890432711394E-4	3.572846367606193E-4
286	0.9997221119491861	1.984914648670107E-5	2.5803890432711394E-4	2.77888050813815E-4
287	0.9998015085351329	1.984914648670107E-5	1.7864231838030965E-4	1.984914648670107E-4
288	0.9998213576816197	0.0	1.7864231838030965E-4	0.0
289	0.9998213576816197	0.0	1.7864231838030965E-4	0.0
290	0.9998213576816197	0.0	1.7864231838030965E-4	0.0
291	0.9998213576816197	0.0	1.7864231838030965E-4	0.0
292	0.9998213576816197	0.0	1.7864231838030965E-4	0.0
293	0.9998213576816197	0.0	1.7864231838030965E-4	0.0
294	0.9998213576816197	0.0	1.7864231838030965E-4	0.0
295	0.9998213576816197	0.0	1.7864231838030965E-4	0.0
296	0.9998213576816197	0.0	1.7864231838030965E-4	0.0
297	0.9998213576816197	0.0	1.7864231838030965E-4	0.0
298	0.9998213576816197	0.0	1.7864231838030965E-4	0.0
299	0.9998213576816197	0.0	1.7864231838030965E-4	0.0
300	0.9998213576816197	0.0	1.7864231838030965E-4	0.0
301	0.9998213576816197	0.0	1.7864231838030965E-4	0.0
302	0.9998213576816197	0.0	1.7864231838030965E-4	0.0
303	0.9998213576816197	0.0	1.7864231838030965E-4	0.0
304	0.9998213576816197	0.0	1.7864231838030965E-4	0.0
305	0.9998213576816197	0.0	1.7864231838030965E-4	0.0
306	0.9998213576816197	0.0	1.7864231838030965E-4	0.0
307	0.9998213576816197	0.0	1.7864231838030965E-4	0.0
308	0.9998213576816197	0.0	1.7864231838030965E-4	0.0
309	1.0	0.0	0.0	0.0
310	1.0	0.0	0.0	0.0
311	1.0	0.0	0.0	0.0
312	1.0	0.0	0.0	0.0
313	1.0	0.0	0.0	0.0
314	1.0	0.0	0.0	0.0
315	1.0	0.0	0.0	0.0
316	1.0	0.0	0.0	0.0
317	1.0	0.0	0.0	0.0
318	1.0	0.0	0.0	0.0
319	1.0	0.0	0.0	0.0
320	1.0	0.0	0.0	0.0
321	1.0	0.0	0.0	0.0
322	1.0	0.0	0.0	0.0
323	1.0	0.0	0.0	0.0
324	1.0	0.0	0.0	0.0
325	1.0	0.0	0.0	0.0
326	1.0	0.0	0.0	0.0
327	1.0	0.0	0.0	0.0
328	1.0	0.0	0.0	0.0
329	1.0	0.0	0.0	0.0
330	1.0	0.0	0.0	0.0
331	1.0	0.0	0.0	0.0
332	1.0	0.0	0.0	0.0
