index	match	insertion	deletion	scar
0	1.0	0.0	0.0	0.0
1	1.0	0.0	0.0	0.0
2	1.0	0.0	0.0	0.0
3	1.0	0.0	0.0	0.0
4	1.0	0.0	0.0	0.0
5	1.0	0.0	0.0	0.0
6	1.0	0.0	0.0	0.0
7	1.0	0.0	0.0	0.0
8	1.0	0.0	0.0	0.0
9	1.0	0.0	0.0	0.0
10	1.0	0.0	0.0	0.0
11	1.0	0.0	0.0	0.0
12	1.0	0.0	0.0	0.0
13	1.0	0.0	0.0	0.0
14	1.0	0.0	0.0	0.0
15	1.0	0.0	0.0	0.0
16	1.0	0.0	0.0	0.0
17	1.0	0.0	0.0	0.0
18	1.0	0.0	0.0	0.0
19	1.0	0.0	0.0	0.0
20	1.0	0.0	0.0	0.0
21	0.999887145920325	0.0	1.1285407967498025E-4	0.0
22	0.999887145920325	0.0	1.1285407967498025E-4	0.0
23	0.999661437760975	0.0	3.385622390249407E-4	0.0
24	0.999661437760975	0.0	3.385622390249407E-4	0.0
25	0.999661437760975	0.0	3.385622390249407E-4	0.0
26	0.999661437760975	0.0	3.385622390249407E-4	0.0
27	0.999661437760975	0.0	3.385622390249407E-4	2.257081593499605E-4
28	0.999661437760975	0.0	3.385622390249407E-4	3.385622390249407E-4
29	0.9994357296016251	0.0	5.642703983749013E-4	6.771244780498814E-4
30	0.9981943347252004	0.0	0.001805665274799684	6.771244780498814E-4
31	0.9980814806455254	0.0	0.0019185193544746643	4.51416318699921E-4
32	0.9979686265658504	0.0	0.0020313734341496446	5.642703983749013E-4
33	0.9891660083512019	0.0	0.010833991648798103	2.257081593499605E-4
34	0.989053154271527	0.0	0.010946845728473084	2.257081593499605E-4
35	0.9869089267577023	1.1285407967498025E-4	0.012978219162622729	2.257081593499605E-4
36	0.9154722943234398	2.257081593499605E-4	0.08430199751721025	0.0
37	0.8933528947071436	3.385622390249407E-4	0.10630854305383139	2.257081593499605E-4
38	0.7847872700598126	0.003159914230899447	0.21205281570928788	0.0011285407967498026
39	0.9065568220291164	0.0033856223902494075	0.09005755558063425	0.0020313734341496446
40	0.9176165218372644	0.0032727683105744274	0.07911070985216116	0.0028213519918745063
41	0.9177293759169394	0.0032727683105744274	0.07899785577248618	0.003159914230899447
42	0.9182936463153143	0.003159914230899447	0.07854643945378625	0.0024827897528495657
43	0.9185193544746643	0.003159914230899447	0.0783207312944363	0.0014671030357747432
44	0.9212278523868638	4.51416318699921E-4	0.0783207312944363	7.899785577248617E-4
45	0.9211149983071888	3.385622390249407E-4	0.07854643945378625	0.0
46	0.9206635819884889	3.385622390249407E-4	0.07899785577248618	0.0
47	0.9205507279088139	3.385622390249407E-4	0.07911070985216116	0.0
48	0.9202121656697889	3.385622390249407E-4	0.0794492720911861	0.0
49	0.9203250197494639	2.257081593499605E-4	0.0794492720911861	0.0
50	0.9199864575104391	1.1285407967498025E-4	0.07990068840988601	0.0
51	0.9191964789527142	1.1285407967498025E-4	0.08069066696761087	0.0
52	0.9190836248730392	1.1285407967498025E-4	0.08080352104728586	0.0
53	0.9191964789527142	1.1285407967498025E-4	0.08069066696761087	0.0
54	0.9191964789527142	1.1285407967498025E-4	0.08069066696761087	0.0012413948764247828
55	0.9189707707933642	1.1285407967498025E-4	0.08091637512696084	0.0019185193544746643
56	0.9185193544746643	1.1285407967498025E-4	0.08136779144566077	0.0025956438325245457
57	0.9181807922356393	1.1285407967498025E-4	0.0817063536846857	0.002369935673174585
58	0.91411804536734	1.1285407967498025E-4	0.08576910055298499	0.0021442275138246246
59	0.9136666290486402	0.0	0.08633337095135989	0.002369935673174585
60	0.9132152127299402	0.0	0.08678478727005981	0.0021442275138246246
61	0.9093781740209909	2.257081593499605E-4	0.09039611781965919	0.003047060151224467
62	0.8135650603769327	0.001805665274799684	0.1846292743482677	0.0028213519918745063
63	0.8146936011736824	4.51416318699921E-4	0.18485498250761764	0.002369935673174585
64	0.8031824850468344	3.385622390249407E-4	0.19647895271414062	0.0025956438325245457
65	0.8982056201331678	0.0015799571154497235	0.10021442275138247	0.0025956438325245457
66	0.8993341609299176	5.642703983749013E-4	0.10010156867170748	0.002369935673174585
67	0.9062182597900914	0.003159914230899447	0.09062182597900914	0.0025956438325245457
68	0.9103938607380657	0.003047060151224467	0.08655907911070986	0.002708497912199526
69	0.9138923372079901	3.385622390249407E-4	0.08576910055298499	0.0019185193544746643
70	0.914005191287665	2.257081593499605E-4	0.08576910055298499	0.0015799571154497235
71	0.91411804536734	1.1285407967498025E-4	0.08576910055298499	0.0011285407967498026
72	0.914230899447015	1.1285407967498025E-4	0.08565624647331001	0.0
73	0.91411804536734	1.1285407967498025E-4	0.08576910055298499	0.0
74	0.91411804536734	1.1285407967498025E-4	0.08576910055298499	0.0
75	0.914005191287665	1.1285407967498025E-4	0.08588195463265998	0.0
76	0.914005191287665	1.1285407967498025E-4	0.08588195463265998	0.0
77	0.91434375352669	1.1285407967498025E-4	0.08554339239363502	0.0
78	0.9144566076063649	1.1285407967498025E-4	0.08543053831396005	0.0
79	0.91434375352669	1.1285407967498025E-4	0.08554339239363502	0.0
80	0.91434375352669	1.1285407967498025E-4	0.08554339239363502	0.0
81	0.9115224015348155	1.1285407967498025E-4	0.08836474438550954	0.003611330549599368
82	0.9114095474551405	1.1285407967498025E-4	0.08847759846518452	0.005078433585374111
83	0.9111838392957905	1.1285407967498025E-4	0.08870330662453448	0.005868412143098973
84	0.9110709852161155	1.1285407967498025E-4	0.08881616070420946	0.006771244780498815
85	0.9108452770567657	1.1285407967498025E-4	0.08904186886355941	0.0053041417447240715
86	0.9108452770567657	1.1285407967498025E-4	0.08904186886355941	0.00451416318699921
87	0.9110709852161155	1.1285407967498025E-4	0.08881616070420946	0.00440130910732423
88	0.9109581311364405	2.257081593499605E-4	0.08881616070420946	0.004288455027649249
89	0.9109581311364405	3.385622390249407E-4	0.08870330662453448	0.003498476469924388
90	0.9820562013316781	1.1285407967498025E-4	0.01783094458864688	0.003611330549599368
91	0.9816047850129782	1.1285407967498025E-4	0.0182823609073468	0.005642703983749013
92	0.9819433472520032	1.1285407967498025E-4	0.01794379866832186	0.0051912876650490915
93	0.9795734115788286	2.257081593499605E-4	0.020200880261821465	0.006771244780498815
94	0.9819433472520032	1.1285407967498025E-4	0.01794379866832186	0.007674077417898657
95	0.9848775533235526	1.1285407967498025E-4	0.015009592596772373	0.0051912876650490915
96	0.9854418237219276	1.1285407967498025E-4	0.014445322198397472	0.00462701726667419
97	0.9856675318812775	1.1285407967498025E-4	0.014219614039047512	0.002257081593499605
98	0.9858932400406275	1.1285407967498025E-4	0.013993905879697552	0.0014671030357747432
99	0.9866832185983523	0.0	0.01331678140164767	0.0
100	0.9869089267577023	0.0	0.01309107324229771	0.0
101	0.9869089267577023	0.0	0.01309107324229771	0.0
102	0.9873603430764022	0.0	0.012639656923597788	0.0
103	0.9874731971560772	0.0	0.012526802843922808	0.0
104	0.9875860512357522	0.0	0.012413948764247828	0.0
105	0.9878117593951021	0.0	0.012188240604897867	0.0
106	0.9878117593951021	0.0	0.012188240604897867	0.0
107	0.9881503216341271	0.0	0.011849678365872926	0.0
108	0.9881503216341271	0.0	0.011849678365872926	0.0033856223902494075
109	0.988488883873152	0.0	0.011511116126847985	0.004288455027649249
110	0.988488883873152	0.0	0.011511116126847985	0.005642703983749013
111	0.988827446112177	0.0	0.011172553887823044	0.005642703983749013
112	0.988827446112177	0.0	0.011172553887823044	0.00485272542602415
113	0.988827446112177	0.0	0.011172553887823044	0.006996952939848776
114	0.989053154271527	0.0	0.010946845728473084	0.006996952939848776
115	0.9862318022796525	0.0029342060715494864	0.010833991648798103	0.007335515178873716
116	0.9865703645186773	0.002708497912199526	0.010721137569123124	0.007674077417898657
117	0.9866832185983523	0.0028213519918745063	0.010495429409773164	0.007222661099198736
118	0.9860060941203025	0.0028213519918745063	0.011172553887823044	0.007222661099198736
119	0.9866832185983523	5.642703983749013E-4	0.012752511003272769	0.007109807019523756
120	0.9858932400406275	9.02832637399842E-4	0.013203927321972689	0.006771244780498815
121	0.9857803859609525	0.0011285407967498026	0.01309107324229771	0.0055298499040740325
122	0.9866832185983523	7.899785577248617E-4	0.012526802843922808	0.005642703983749013
123	0.9872474889967272	6.771244780498814E-4	0.012075386525222886	0.003724184629274348
124	0.9872474889967272	6.771244780498814E-4	0.012075386525222886	0.0029342060715494864
125	0.9871346349170522	6.771244780498814E-4	0.012188240604897867	0.0019185193544746643
126	0.9873603430764022	4.51416318699921E-4	0.012188240604897867	1.1285407967498025E-4
127	0.9873603430764022	4.51416318699921E-4	0.012188240604897867	0.0
128	0.9874731971560772	4.51416318699921E-4	0.012075386525222886	0.0
129	0.9874731971560772	4.51416318699921E-4	0.012075386525222886	0.0
130	0.9875860512357522	4.51416318699921E-4	0.011962532445547907	0.0
131	0.9875860512357522	4.51416318699921E-4	0.011962532445547907	0.0
132	0.9874731971560772	4.51416318699921E-4	0.012075386525222886	0.0
133	0.9876989053154271	3.385622390249407E-4	0.011962532445547907	0.0
134	0.9881503216341271	0.0	0.011849678365872926	0.0
135	0.9881503216341271	0.0	0.011849678365872926	0.00485272542602415
136	0.9880374675544521	0.0	0.011962532445547907	0.006545536621148855
137	0.9879246134747771	0.0	0.012075386525222886	0.0091411804536734
138	0.9879246134747771	0.0	0.012075386525222886	0.012188240604897867
139	0.9879246134747771	0.0	0.012075386525222886	0.010721137569123124
140	0.9878117593951021	0.0	0.012188240604897867	0.009818304931723282
141	0.9837490125268028	0.0	0.016250987473197157	0.010382575330098183
142	0.9750592483918293	0.0	0.024940751608170636	0.007448369258548696
143	0.9750592483918293	0.0	0.024940751608170636	0.008125493736598578
144	0.9725764586389798	2.257081593499605E-4	0.02719783320167024	0.006771244780498815
145	0.9707707933641802	2.257081593499605E-4	0.029003498476469925	0.007899785577248618
146	0.9667080464958808	4.51416318699921E-4	0.03284053718541925	0.007335515178873716
147	0.9709965015235301	0.0	0.029003498476469925	0.006884098860173795
148	0.9747206861528044	1.1285407967498025E-4	0.025166459767520594	0.00868976413497348
149	0.9748335402324794	1.1285407967498025E-4	0.025053605687845617	0.008012639656923597
150	0.9751721024715043	0.0	0.024827897528495655	0.006319828461798894
151	0.9753978106308543	0.0	0.024602189369145693	0.0055298499040740325
152	0.9755106647105293	0.0	0.024489335289470716	0.0025956438325245457
153	0.9756235187902043	0.0	0.024376481209795735	0.0
154	0.9755106647105293	0.0	0.024489335289470716	0.0
155	0.9755106647105293	0.0	0.024489335289470716	0.0
156	0.9755106647105293	0.0	0.024489335289470716	0.0
157	0.9753978106308543	0.0	0.024602189369145693	0.0
158	0.9753978106308543	0.0	0.024602189369145693	0.0
159	0.9753978106308543	0.0	0.024602189369145693	0.0
160	0.9752849565511793	0.0	0.024715043448820674	0.0
161	0.9752849565511793	0.0	0.024715043448820674	0.0
162	0.9751721024715043	0.0	0.024827897528495655	0.0025956438325245457
163	0.9751721024715043	0.0	0.024827897528495655	0.004062746868299289
164	0.9751721024715043	0.0	0.024827897528495655	0.007222661099198736
165	0.9749463943121544	0.0	0.025053605687845617	0.007899785577248618
166	0.9747206861528044	0.0	0.025279313847195575	0.006996952939848776
167	0.8887258774404695	0.0	0.11127412255953052	0.006319828461798894
168	0.8839860060941203	0.0	0.1160139939058797	0.0051912876650490915
169	0.8820674867396456	0.002257081593499605	0.11567543166685476	0.006545536621148855
170	0.8852274009705451	1.1285407967498025E-4	0.11465974494977993	0.007222661099198736
171	0.8847759846518451	3.385622390249407E-4	0.1148854531091299	0.007786931497573637
172	0.8809389459428958	2.257081593499605E-4	0.1188353458977542	0.008125493736598578
173	0.9091524658616409	0.0010156867170748223	0.08983184742128428	0.006094120302448934
174	0.9100552984990408	7.899785577248617E-4	0.0891547229432344	0.005755558063423993
175	0.9076853628258661	0.0032727683105744274	0.08904186886355941	0.006771244780498815
176	0.9079110709852161	0.003159914230899447	0.08892901478388444	0.007109807019523756
177	0.9102810066583907	7.899785577248617E-4	0.08892901478388444	0.006094120302448934
178	0.9107324229770906	2.257081593499605E-4	0.08904186886355941	0.004965579505699131
179	0.9108452770567657	1.1285407967498025E-4	0.08904186886355941	0.0033856223902494075
180	0.9108452770567657	1.1285407967498025E-4	0.08904186886355941	1.1285407967498025E-4
181	0.9109581311364405	1.1285407967498025E-4	0.08892901478388444	1.1285407967498025E-4
182	0.9109581311364405	1.1285407967498025E-4	0.08892901478388444	1.1285407967498025E-4
183	0.9107324229770906	1.1285407967498025E-4	0.0891547229432344	1.1285407967498025E-4
184	0.9127637964112403	1.1285407967498025E-4	0.08712334950908475	1.1285407967498025E-4
185	0.9127637964112403	1.1285407967498025E-4	0.08712334950908475	0.0
186	0.9128766504909153	1.1285407967498025E-4	0.08701049542940978	0.0
187	0.9127637964112403	1.1285407967498025E-4	0.08712334950908475	0.0
188	0.9121995260128654	1.1285407967498025E-4	0.08768761990745966	0.0
189	0.9121995260128654	1.1285407967498025E-4	0.08768761990745966	0.0032727683105744274
190	0.9121995260128654	1.1285407967498025E-4	0.08768761990745966	0.006319828461798894
191	0.9121995260128654	1.1285407967498025E-4	0.08768761990745966	0.00868976413497348
192	0.9121995260128654	1.1285407967498025E-4	0.08768761990745966	0.011398262047173006
193	0.9100552984990408	1.1285407967498025E-4	0.08983184742128428	0.010608283489448143
194	0.9100552984990408	1.1285407967498025E-4	0.08983184742128428	0.00947974269269834
195	0.9097167362600158	1.1285407967498025E-4	0.09017040966030922	0.008576910055298499
196	0.9092653199413159	2.257081593499605E-4	0.09050897189933416	0.006996952939848776
197	0.9097167362600158	1.1285407967498025E-4	0.09017040966030922	0.006996952939848776
198	0.9093781740209909	4.51416318699921E-4	0.09017040966030922	0.007786931497573637
199	0.9118609637738404	0.0010156867170748223	0.08712334950908475	0.008125493736598578
200	0.9118609637738404	7.899785577248617E-4	0.08734905766843472	0.00846405597562352
201	0.9116352556144904	9.02832637399842E-4	0.08746191174810969	0.006996952939848776
202	0.9110709852161155	0.001354248956099763	0.08757476582778467	0.00868976413497348
203	0.9116352556144904	9.02832637399842E-4	0.08746191174810969	0.008125493736598578
204	0.9118609637738404	6.771244780498814E-4	0.08746191174810969	0.006996952939848776
205	0.9121995260128654	3.385622390249407E-4	0.08746191174810969	0.005755558063423993
206	0.9121995260128654	3.385622390249407E-4	0.08746191174810969	0.003159914230899447
207	0.9124252341722153	3.385622390249407E-4	0.08723620358875973	2.257081593499605E-4
208	0.9125380882518903	3.385622390249407E-4	0.08712334950908475	2.257081593499605E-4
209	0.9127637964112403	3.385622390249407E-4	0.0868976413497348	2.257081593499605E-4
210	0.9127637964112403	3.385622390249407E-4	0.0868976413497348	0.0
211	0.9127637964112403	2.257081593499605E-4	0.08701049542940978	0.0
212	0.9127637964112403	2.257081593499605E-4	0.08701049542940978	0.0
213	0.9126509423315653	2.257081593499605E-4	0.08712334950908475	0.0
214	0.9126509423315653	2.257081593499605E-4	0.08712334950908475	0.0
215	0.9127637964112403	1.1285407967498025E-4	0.08712334950908475	0.0
216	0.9127637964112403	1.1285407967498025E-4	0.08712334950908475	0.0016928111951247037
217	0.9126509423315653	1.1285407967498025E-4	0.08723620358875973	0.0024827897528495657
218	0.9126509423315653	1.1285407967498025E-4	0.08723620358875973	0.003724184629274348
219	0.9124252341722153	1.1285407967498025E-4	0.08746191174810969	0.00473987134634917
220	0.9123123800925403	1.1285407967498025E-4	0.08757476582778467	0.00440130910732423
221	0.9120866719331904	1.1285407967498025E-4	0.08780047398713464	0.00440130910732423
222	0.9105067148177407	1.1285407967498025E-4	0.08938043110258435	0.006319828461798894
223	0.9102810066583907	3.385622390249407E-4	0.08938043110258435	0.006319828461798894
224	0.9100552984990408	3.385622390249407E-4	0.08960613926193432	0.008351201895948538
225	0.9100552984990408	3.385622390249407E-4	0.08960613926193432	0.00891547229432344
226	0.9101681525787158	2.257081593499605E-4	0.08960613926193432	0.006996952939848776
227	0.9101681525787158	4.51416318699921E-4	0.08938043110258435	0.006884098860173795
228	0.9101681525787158	3.385622390249407E-4	0.08949328518225934	0.005755558063423993
229	0.9089267577022909	0.001805665274799684	0.08926757702290938	0.005642703983749013
230	0.9105067148177407	4.51416318699921E-4	0.08904186886355941	0.008012639656923597
231	0.9105067148177407	4.51416318699921E-4	0.08904186886355941	0.006319828461798894
232	0.9090396117819659	3.385622390249407E-4	0.09062182597900914	0.0051912876650490915
233	0.9092653199413159	2.257081593499605E-4	0.09050897189933416	0.004062746868299289
234	0.9096038821803408	2.257081593499605E-4	0.09017040966030922	3.385622390249407E-4
235	0.9098295903396908	1.1285407967498025E-4	0.09005755558063425	2.257081593499605E-4
236	0.9098295903396908	1.1285407967498025E-4	0.09005755558063425	1.1285407967498025E-4
237	0.9099424444193658	1.1285407967498025E-4	0.08994470150095926	0.0
238	0.9098295903396908	1.1285407967498025E-4	0.09005755558063425	0.0
239	0.9099424444193658	1.1285407967498025E-4	0.08994470150095926	0.0
240	0.9100552984990408	1.1285407967498025E-4	0.08983184742128428	0.0
241	0.9100552984990408	1.1285407967498025E-4	0.08983184742128428	0.0
242	0.9100552984990408	1.1285407967498025E-4	0.08983184742128428	0.0
243	0.9101681525787158	1.1285407967498025E-4	0.0897189933416093	0.0029342060715494864
244	0.902494075160817	1.1285407967498025E-4	0.09739307075950795	0.004965579505699131
245	0.902494075160817	1.1285407967498025E-4	0.09739307075950795	0.00846405597562352
246	0.902494075160817	1.1285407967498025E-4	0.09739307075950795	0.010044013091073242
247	0.902381221081142	1.1285407967498025E-4	0.09750592483918294	0.00880261821464846
248	0.9009141180453674	1.1285407967498025E-4	0.09897302787495768	0.008012639656923597
249	0.9005755558063424	1.1285407967498025E-4	0.09931159011398262	0.005755558063423993
250	0.9144566076063649	3.385622390249407E-4	0.08520483015461008	0.00485272542602415
251	0.9225821013429636	1.1285407967498025E-4	0.07730504457736147	0.00473987134634917
252	0.9232592258210134	1.1285407967498025E-4	0.07662792009931159	0.004175600947974269
253	0.9226949554226386	2.257081593499605E-4	0.07707933641801151	0.003498476469924388
254	0.9858932400406275	2.257081593499605E-4	0.013881051800022571	0.0029342060715494864
255	0.988488883873152	2.257081593499605E-4	0.011285407967498025	0.0014671030357747432
256	0.9919873603430764	3.385622390249407E-4	0.007674077417898657	0.0016928111951247037
257	0.9979686265658504	2.257081593499605E-4	0.001805665274799684	0.0020313734341496446
258	0.9979686265658504	2.257081593499605E-4	0.001805665274799684	0.001354248956099763
259	0.9980814806455254	1.1285407967498025E-4	0.001805665274799684	0.0010156867170748223
260	0.9980814806455254	1.1285407967498025E-4	0.001805665274799684	5.642703983749013E-4
261	0.9980814806455254	1.1285407967498025E-4	0.001805665274799684	1.1285407967498025E-4
262	0.9980814806455254	1.1285407967498025E-4	0.001805665274799684	1.1285407967498025E-4
263	0.9980814806455254	1.1285407967498025E-4	0.001805665274799684	1.1285407967498025E-4
264	0.9980814806455254	1.1285407967498025E-4	0.001805665274799684	0.0
265	0.9980814806455254	1.1285407967498025E-4	0.001805665274799684	0.0
266	0.999661437760975	1.1285407967498025E-4	2.257081593499605E-4	0.0
267	0.999661437760975	1.1285407967498025E-4	2.257081593499605E-4	0.0
268	0.999661437760975	1.1285407967498025E-4	2.257081593499605E-4	0.0
269	0.999661437760975	1.1285407967498025E-4	2.257081593499605E-4	0.0
270	0.999661437760975	1.1285407967498025E-4	2.257081593499605E-4	1.1285407967498025E-4
271	0.999661437760975	1.1285407967498025E-4	2.257081593499605E-4	0.0020313734341496446
272	0.999661437760975	1.1285407967498025E-4	2.257081593499605E-4	0.0028213519918745063
273	0.999661437760975	1.1285407967498025E-4	2.257081593499605E-4	0.003498476469924388
274	0.999661437760975	1.1285407967498025E-4	2.257081593499605E-4	0.004175600947974269
275	0.999661437760975	1.1285407967498025E-4	2.257081593499605E-4	0.002369935673174585
276	0.999661437760975	1.1285407967498025E-4	2.257081593499605E-4	0.0020313734341496446
277	0.9995485836813001	2.257081593499605E-4	2.257081593499605E-4	0.0021442275138246246
278	0.999661437760975	1.1285407967498025E-4	2.257081593499605E-4	0.0015799571154497235
279	0.999887145920325	1.1285407967498025E-4	0.0	0.0014671030357747432
280	0.999887145920325	1.1285407967498025E-4	0.0	0.0012413948764247828
281	0.999887145920325	1.1285407967498025E-4	0.0	9.02832637399842E-4
282	0.999887145920325	1.1285407967498025E-4	0.0	0.0011285407967498026
283	0.999887145920325	1.1285407967498025E-4	0.0	0.001354248956099763
284	1.0	0.0	0.0	0.001805665274799684
285	1.0	0.0	0.0	0.0014671030357747432
286	1.0	0.0	0.0	0.0012413948764247828
287	1.0	0.0	0.0	7.899785577248617E-4
288	1.0	0.0	0.0	1.1285407967498025E-4
289	1.0	0.0	0.0	0.0
290	1.0	0.0	0.0	0.0
291	1.0	0.0	0.0	0.0
292	1.0	0.0	0.0	0.0
293	1.0	0.0	0.0	0.0
294	1.0	0.0	0.0	0.0
295	1.0	0.0	0.0	0.0
296	1.0	0.0	0.0	0.0
297	1.0	0.0	0.0	0.0
298	1.0	0.0	0.0	0.0
299	1.0	0.0	0.0	0.0
300	1.0	0.0	0.0	0.0
301	1.0	0.0	0.0	0.0
302	1.0	0.0	0.0	0.0
303	1.0	0.0	0.0	0.0
304	1.0	0.0	0.0	0.0
305	1.0	0.0	0.0	0.0
306	1.0	0.0	0.0	0.0
307	1.0	0.0	0.0	0.0
308	1.0	0.0	0.0	0.0
309	1.0	0.0	0.0	0.0
310	1.0	0.0	0.0	0.0
311	1.0	0.0	0.0	0.0
312	1.0	0.0	0.0	0.0
313	1.0	0.0	0.0	0.0
314	1.0	0.0	0.0	0.0
315	1.0	0.0	0.0	0.0
316	1.0	0.0	0.0	0.0
317	1.0	0.0	0.0	0.0
318	1.0	0.0	0.0	0.0
319	1.0	0.0	0.0	0.0
320	1.0	0.0	0.0	0.0
321	1.0	0.0	0.0	0.0
322	1.0	0.0	0.0	0.0
323	1.0	0.0	0.0	0.0
324	1.0	0.0	0.0	0.0
325	1.0	0.0	0.0	0.0
326	1.0	0.0	0.0	0.0
327	1.0	0.0	0.0	0.0
328	1.0	0.0	0.0	0.0
329	1.0	0.0	0.0	0.0
330	1.0	0.0	0.0	0.0
331	1.0	0.0	0.0	0.0
332	1.0	0.0	0.0	0.0
